00002152
00012152
00022152
00032152
00042152
00052152
00062152
00072152
00082152
00092152
00102152
00112152
00122152
00132152
00142152
00152152
00162152
00172152
00182152
00192152
00202152
00212152
00222152
00232152
00242152
00252152
00262152
00272152
00282152
00292152
00302152
00312152
00322152
00332152
00342152
00352152
00362152
00372152
00382152
00392152
00402152
00412152
00422152
00432152
00442152
00452152
00462152
00472152
00482152
00492152
00502152
00512152
00522152
00532152
00542152
00552152
00562152
00572152
00582152
00592152
00602152
00612152
00622152
00632152
00642152
00652152
00662152
00672152
00682152
00692152
00702152
00712152
00722152
00732152
00742152
00752152
00762152
00772152
00782152
00792152
00802152
00812152
00822152
00832152
00842152
00852152
00862152
00872152
00882152
00892152
00902152
00912152
00922152
00932152
00942152
00952152
00962152
00972152
00982152
00992152
01002152
01012152
01022152
01032152
01042152
01052152
01062152
01072152
01082152
01092152
01102152
01112152
01122152
01132152
01142152
01152152
01162152
01172152
01182152
01192152
01202152
01212152
01222152
01232152
01242152
01252152
01262152
01272152
01282152
01292152
01302152
01312152
01322152
01332152
01342152
01352152
01362152
01372152
01382152
01392152
01402152
01412152
01422152
01432152
01442152
01452152
01462152
01472152
01482152
01492152
01502152
01512152
01522152
01532152
01542152
01552152
01562152
01572152
01582152
01592152
01602152
01612152
01622152
01632152
01642152
01652152
01662152
01672152
01682152
01692152
01702152
01712152
01722152
01732152
01742152
01752152
01762152
01772152
01782152
01792152
01802152
01812152
01822152
01832152
01842152
01852152
01862152
01872152
01882152
01892152
01902152
01912152
01922152
01932152
01942152
01952152
01962152
01972152
01982152
01992152
02002152
02012152
02022152
02032152
02042152
02052152
02062152
02072152
02082152
02092152
02102152
02112152
02122152
02132152
02142152
02152152
02162152
02172152
02182152
02192152
02202152
02212152
02222152
02232152
02242152
02252152
02262152
02272152
02282152
02292152
02302152
02312152
02322152
02332152
02342152
02352152
02362152
02372152
02382152
02392152
02402152
02412152
02422152
02432152
02442152
02452152
02462152
02472152
02482152
02492152
02502152
02512152
02522152
02532152
02542152
02552152
02562152
02572152
02582152
02592152
02602152
02612152
02622152
02632152
02642152
02652152
02662152
02672152
02682152
02692152
02702152
02712152
02722152
02732152
02742152
02752152
02762152
02772152
02782152
02792152
02802152
02812152
02822152
02832152
02842152
02852152
02862152
02872152
02882152
02892152
02902152
02912152
02922152
02932152
02942152
02952152
02962152
02972152
02982152
02992152
03002152
03012152
03022152
03032152
03042152
03052152
03062152
03072152
03082152
03092152
03102152
03112152
03122152
03132152
03142152
03152152
03162152
03172152
03182152
03192152
03202152
03212152
03222152
03232152
03242152
03252152
03262152
03272152
03282152
03292152
03302152
03312152
03322152
03332152
03342152
03352152
03362152
03372152
03382152
03392152
03402152
03412152
03422152
03432152
03442152
03452152
03462152
03472152
03482152
03492152
03502152
03512152
03522152
03532152
03542152
03552152
03562152
03572152
03582152
03592152
03602152
03612152
03622152
03632152
03642152
03652152
03662152
03672152
03682152
03692152
03702152
03712152
03722152
03732152
03742152
03752152
03762152
03772152
03782152
03792152
03802152
03812152
03822152
03832152
03842152
03852152
03862152
03872152
03882152
03892152
03902152
03912152
03922152
03932152
03942152
03952152
03962152
03972152
03982152
03992152
04002152
04012152
04022152
04032152
04042152
04052152
04062152
04072152
04082152
04092152
04102152
04112152
04122152
04132152
04142152
04152152
04162152
04172152
04182152
04192152
04202152
04212152
04222152
04232152
04242152
04252152
04262152
04272152
04282152
04292152
04302152
04312152
04322152
04332152
04342152
04352152
04362152
04372152
04382152
04392152
04402152
04412152
04422152
04432152
04442152
04452152
04462152
04472152
04482152
04492152
04502152
04512152
04522152
04532152
04542152
04552152
04562152
04572152
04582152
04592152
04602152
04612152
04622152
04632152
04642152
04652152
04662152
04672152
04682152
04692152
04702152
04712152
04722152
04732152
04742152
04752152
04762152
04772152
04782152
04792152
04802152
04812152
04822152
04832152
04842152
04852152
04862152
04872152
04882152
04892152
04902152
04912152
04922152
04932152
04942152
04952152
04962152
04972152
04982152
04992152
05002152
05012152
05022152
05032152
05042152
05052152
05062152
05072152
05082152
05092152
05102152
05112152
05122152
05132152
05142152
05152152
05162152
05172152
05182152
05192152
05202152
05212152
05222152
05232152
05242152
05252152
05262152
05272152
05282152
05292152
05302152
05312152
05322152
05332152
05342152
05352152
05362152
05372152
05382152
05392152
05402152
05412152
05422152
05432152
05442152
05452152
05462152
05472152
05482152
05492152
05502152
05512152
05522152
05532152
05542152
05552152
05562152
05572152
05582152
05592152
05602152
05612152
05622152
05632152
05642152
05652152
05662152
05672152
05682152
05692152
05702152
05712152
05722152
05732152
05742152
05752152
05762152
05772152
05782152
05792152
05802152
05812152
05822152
05832152
05842152
05852152
05862152
05872152
05882152
05892152
05902152
05912152
05922152
05932152
05942152
05952152
05962152
05972152
05982152
05992152
06002152
06012152
06022152
06032152
06042152
06052152
06062152
06072152
06082152
06092152
06102152
06112152
06122152
06132152
06142152
06152152
06162152
06172152
06182152
06192152
06202152
06212152
06222152
06232152
06242152
06252152
06262152
06272152
06282152
06292152
06302152
06312152
06322152
06332152
06342152
06352152
06362152
06372152
06382152
06392152
06402152
06412152
06422152
06432152
06442152
06452152
06462152
06472152
06482152
06492152
06502152
06512152
06522152
06532152
06542152
06552152
06562152
06572152
06582152
06592152
06602152
06612152
06622152
06632152
06642152
06652152
06662152
06672152
06682152
06692152
06702152
06712152
06722152
06732152
06742152
06752152
06762152
06772152
06782152
06792152
06802152
06812152
06822152
06832152
06842152
06852152
06862152
06872152
06882152
06892152
06902152
06912152
06922152
06932152
06942152
06952152
06962152
06972152
06982152
06992152
07002152
07012152
07022152
07032152
07042152
07052152
07062152
07072152
07082152
07092152
07102152
07112152
07122152
07132152
07142152
07152152
07162152
07172152
07182152
07192152
07202152
07212152
07222152
07232152
07242152
07252152
07262152
07272152
07282152
07292152
07302152
07312152
07322152
07332152
07342152
07352152
07362152
07372152
07382152
07392152
07402152
07412152
07422152
07432152
07442152
07452152
07462152
07472152
07482152
07492152
07502152
07512152
07522152
07532152
07542152
07552152
07562152
07572152
07582152
07592152
07602152
07612152
07622152
07632152
07642152
07652152
07662152
07672152
07682152
07692152
07702152
07712152
07722152
07732152
07742152
07752152
07762152
07772152
07782152
07792152
07802152
07812152
07822152
07832152
07842152
07852152
07862152
07872152
07882152
07892152
07902152
07912152
07922152
07932152
07942152
07952152
07962152
07972152
07982152
07992152
08002152
08012152
08022152
08032152
08042152
08052152
08062152
08072152
08082152
08092152
08102152
08112152
08122152
08132152
08142152
08152152
08162152
08172152
08182152
08192152
08202152
08212152
08222152
08232152
08242152
08252152
08262152
08272152
08282152
08292152
08302152
08312152
08322152
08332152
08342152
08352152
08362152
08372152
08382152
08392152
08402152
08412152
08422152
08432152
08442152
08452152
08462152
08472152
08482152
08492152
08502152
08512152
08522152
08532152
08542152
08552152
08562152
08572152
08582152
08592152
08602152
08612152
08622152
08632152
08642152
08652152
08662152
08672152
08682152
08692152
08702152
08712152
08722152
08732152
08742152
08752152
08762152
08772152
08782152
08792152
08802152
08812152
08822152
08832152
08842152
08852152
08862152
08872152
08882152
08892152
08902152
08912152
08922152
08932152
08942152
08952152
08962152
08972152
08982152
08992152
09002152
09012152
09022152
09032152
09042152
09052152
09062152
09072152
09082152
09092152
09102152
09112152
09122152
09132152
09142152
09152152
09162152
09172152
09182152
09192152
09202152
09212152
09222152
09232152
09242152
09252152
09262152
09272152
09282152
09292152
09302152
09312152
09322152
09332152
09342152
09352152
09362152
09372152
09382152
09392152
09402152
09412152
09422152
09432152
09442152
09452152
09462152
09472152
09482152
09492152
09502152
09512152
09522152
09532152
09542152
09552152
09562152
09572152
09582152
09592152
09602152
09612152
09622152
09632152
09642152
09652152
09662152
09672152
09682152
09692152
09702152
09712152
09722152
09732152
09742152
09752152
09762152
09772152
09782152
09792152
09802152
09812152
09822152
09832152
09842152
09852152
09862152
09872152
09882152
09892152
09902152
09912152
09922152
09932152
09942152
09952152
09962152
09972152
09982152
09992152
10002152
10012152
10022152
10032152
10042152
10052152
10062152
10072152
10082152
10092152
10102152
10112152
10122152
10132152
10142152
10152152
10162152
10172152
10182152
10192152
10202152
10212152
10222152
10232152
10242152
10252152
10262152
10272152
10282152
10292152
10302152
10312152
10322152
10332152
10342152
10352152
10362152
10372152
10382152
10392152
10402152
10412152
10422152
10432152
10442152
10452152
10462152
10472152
10482152
10492152
10502152
10512152
10522152
10532152
10542152
10552152
10562152
10572152
10582152
10592152
10602152
10612152
10622152
10632152
10642152
10652152
10662152
10672152
10682152
10692152
10702152
10712152
10722152
10732152
10742152
10752152
10762152
10772152
10782152
10792152
10802152
10812152
10822152
10832152
10842152
10852152
10862152
10872152
10882152
10892152
10902152
10912152
10922152
10932152
10942152
10952152
10962152
10972152
10982152
10992152
11002152
11012152
11022152
11032152
11042152
11052152
11062152
11072152
11082152
11092152
11102152
11112152
11122152
11132152
11142152
11152152
11162152
11172152
11182152
11192152
11202152
11212152
11222152
11232152
11242152
11252152
11262152
11272152
11282152
11292152
11302152
11312152
11322152
11332152
11342152
11352152
11362152
11372152
11382152
11392152
11402152
11412152
11422152
11432152
11442152
11452152
11462152
11472152
11482152
11492152
11502152
11512152
11522152
11532152
11542152
11552152
11562152
11572152
11582152
11592152
11602152
11612152
11622152
11632152
11642152
11652152
11662152
11672152
11682152
11692152
11702152
11712152
11722152
11732152
11742152
11752152
11762152
11772152
11782152
11792152
11802152
11812152
11822152
11832152
11842152
11852152
11862152
11872152
11882152
11892152
11902152
11912152
11922152
11932152
11942152
11952152
11962152
11972152
11982152
11992152
12002152
12012152
12022152
12032152
12042152
12052152
12062152
12072152
12082152
12092152
12102152
12112152
12122152
12132152
12142152
12152152
12162152
12172152
12182152
12192152
12202152
12212152
12222152
12232152
12242152
12252152
12262152
12272152
12282152
12292152
12302152
12312152
12322152
12332152
12342152
12352152
12362152
12372152
12382152
12392152
12402152
12412152
12422152
12432152
12442152
12452152
12462152
12472152
12482152
12492152
12502152
12512152
12522152
12532152
12542152
12552152
12562152
12572152
12582152
12592152
12602152
12612152
12622152
12632152
12642152
12652152
12662152
12672152
12682152
12692152
12702152
12712152
12722152
12732152
12742152
12752152
12762152
12772152
12782152
12792152
12802152
12812152
12822152
12832152
12842152
12852152
12862152
12872152
12882152
12892152
12902152
12912152
12922152
12932152
12942152
12952152
12962152
12972152
12982152
12992152
13002152
13012152
13022152
13032152
13042152
13052152
13062152
13072152
13082152
13092152
13102152
13112152
13122152
13132152
13142152
13152152
13162152
13172152
13182152
13192152
13202152
13212152
13222152
13232152
13242152
13252152
13262152
13272152
13282152
13292152
13302152
13312152
13322152
13332152
13342152
13352152
13362152
13372152
13382152
13392152
13402152
13412152
13422152
13432152
13442152
13452152
13462152
13472152
13482152
13492152
13502152
13512152
13522152
13532152
13542152
13552152
13562152
13572152
13582152
13592152
13602152
13612152
13622152
13632152
13642152
13652152
13662152
13672152
13682152
13692152
13702152
13712152
13722152
13732152
13742152
13752152
13762152
13772152
13782152
13792152
13802152
13812152
13822152
13832152
13842152
13852152
13862152
13872152
13882152
13892152
13902152
13912152
13922152
13932152
13942152
13952152
13962152
13972152
13982152
13992152
14002152
14012152
14022152
14032152
14042152
14052152
14062152
14072152
14082152
14092152
14102152
14112152
14122152
14132152
14142152
14152152
14162152
14172152
14182152
14192152
14202152
14212152
14222152
14232152
14242152
14252152
14262152
14272152
14282152
14292152
14302152
14312152
14322152
14332152
14342152
14352152
14362152
14372152
14382152
14392152
14402152
14412152
14422152
14432152
14442152
14452152
14462152
14472152
14482152
14492152
14502152
14512152
14522152
14532152
14542152
14552152
14562152
14572152
14582152
14592152
14602152
14612152
14622152
14632152
14642152
14652152
14662152
14672152
14682152
14692152
14702152
14712152
14722152
14732152
14742152
14752152
14762152
14772152
14782152
14792152
14802152
14812152
14822152
14832152
14842152
14852152
14862152
14872152
14882152
14892152
14902152
14912152
14922152
14932152
14942152
14952152
14962152
14972152
14982152
14992152
15002152
15012152
15022152
15032152
15042152
15052152
15062152
15072152
15082152
15092152
15102152
15112152
15122152
15132152
15142152
15152152
15162152
15172152
15182152
15192152
15202152
15212152
15222152
15232152
15242152
15252152
15262152
15272152
15282152
15292152
15302152
15312152
15322152
15332152
15342152
15352152
15362152
15372152
15382152
15392152
15402152
15412152
15422152
15432152
15442152
15452152
15462152
15472152
15482152
15492152
15502152
15512152
15522152
15532152
15542152
15552152
15562152
15572152
15582152
15592152
15602152
15612152
15622152
15632152
15642152
15652152
15662152
15672152
15682152
15692152
15702152
15712152
15722152
15732152
15742152
15752152
15762152
15772152
15782152
15792152
15802152
15812152
15822152
15832152
15842152
15852152
15862152
15872152
15882152
15892152
15902152
15912152
15922152
15932152
15942152
15952152
15962152
15972152
15982152
15992152
16002152
16012152
16022152
16032152
16042152
16052152
16062152
16072152
16082152
16092152
16102152
16112152
16122152
16132152
16142152
16152152
16162152
16172152
16182152
16192152
16202152
16212152
16222152
16232152
16242152
16252152
16262152
16272152
16282152
16292152
16302152
16312152
16322152
16332152
16342152
16352152
16362152
16372152
16382152
16392152
16402152
16412152
16422152
16432152
16442152
16452152
16462152
16472152
16482152
16492152
16502152
16512152
16522152
16532152
16542152
16552152
16562152
16572152
16582152
16592152
16602152
16612152
16622152
16632152
16642152
16652152
16662152
16672152
16682152
16692152
16702152
16712152
16722152
16732152
16742152
16752152
16762152
16772152
16782152
16792152
16802152
16812152
16822152
16832152
16842152
16852152
16862152
16872152
16882152
16892152
16902152
16912152
16922152
16932152
16942152
16952152
16962152
16972152
16982152
16992152
17002152
17012152
17022152
17032152
17042152
17052152
17062152
17072152
17082152
17092152
17102152
17112152
17122152
17132152
17142152
17152152
17162152
17172152
17182152
17192152
17202152
17212152
17222152
17232152
17242152
17252152
17262152
17272152
17282152
17292152
17302152
17312152
17322152
17332152
17342152
17352152
17362152
17372152
17382152
17392152
17402152
17412152
17422152
17432152
17442152
17452152
17462152
17472152
17482152
17492152
17502152
17512152
17522152
17532152
17542152
17552152
17562152
17572152
17582152
17592152
17602152
17612152
17622152
17632152
17642152
17652152
17662152
17672152
17682152
17692152
17702152
17712152
17722152
17732152
17742152
17752152
17762152
17772152
17782152
17792152
17802152
17812152
17822152
17832152
17842152
17852152
17862152
17872152
17882152
17892152
17902152
17912152
17922152
17932152
17942152
17952152
17962152
17972152
17982152
17992152
18002152
18012152
18022152
18032152
18042152
18052152
18062152
18072152
18082152
18092152
18102152
18112152
18122152
18132152
18142152
18152152
18162152
18172152
18182152
18192152
18202152
18212152
18222152
18232152
18242152
18252152
18262152
18272152
18282152
18292152
18302152
18312152
18322152
18332152
18342152
18352152
18362152
18372152
18382152
18392152
18402152
18412152
18422152
18432152
18442152
18452152
18462152
18472152
18482152
18492152
18502152
18512152
18522152
18532152
18542152
18552152
18562152
18572152
18582152
18592152
18602152
18612152
18622152
18632152
18642152
18652152
18662152
18672152
18682152
18692152
18702152
18712152
18722152
18732152
18742152
18752152
18762152
18772152
18782152
18792152
18802152
18812152
18822152
18832152
18842152
18852152
18862152
18872152
18882152
18892152
18902152
18912152
18922152
18932152
18942152
18952152
18962152
18972152
18982152
18992152
19002152
19012152
19022152
19032152
19042152
19052152
19062152
19072152
19082152
19092152
19102152
19112152
19122152
19132152
19142152
19152152
19162152
19172152
19182152
19192152
19202152
19212152
19222152
19232152
19242152
19252152
19262152
19272152
19282152
19292152
19302152
19312152
19322152
19332152
19342152
19352152
19362152
19372152
19382152
19392152
19402152
19412152
19422152
19432152
19442152
19452152
19462152
19472152
19482152
19492152
19502152
19512152
19522152
19532152
19542152
19552152
19562152
19572152
19582152
19592152
19602152
19612152
19622152
19632152
19642152
19652152
19662152
19672152
19682152
19692152
19702152
19712152
19722152
19732152
19742152
19752152
19762152
19772152
19782152
19792152
19802152
19812152
19822152
19832152
19842152
19852152
19862152
19872152
19882152
19892152
19902152
19912152
19922152
19932152
19942152
19952152
19962152
19972152
19982152
19992152
20002152
20012152
20022152
20032152
20042152
20052152
20062152
20072152
20082152
20092152
20102152
20112152
20122152
20132152
20142152
20152152
20162152
20172152
20182152
20192152
20202152
20212152
20222152
20232152
20242152
20252152
20262152
20272152
20282152
20292152
20302152
20312152
20322152
20332152
20342152
20352152
20362152
20372152
20382152
20392152
20402152
20412152
20422152
20432152
20442152
20452152
20462152
20472152
20482152
20492152
20502152
20512152
20522152
20532152
20542152
20552152
20562152
20572152
20582152
20592152
20602152
20612152
20622152
20632152
20642152
20652152
20662152
20672152
20682152
20692152
20702152
20712152
20722152
20732152
20742152
20752152
20762152
20772152
20782152
20792152
20802152
20812152
20822152
20832152
20842152
20852152
20862152
20872152
20882152
20892152
20902152
20912152
20922152
20932152
20942152
20952152
20962152
20972152
20982152
20992152
21002152
21012152
21022152
21032152
21042152
21052152
21062152
21072152
21082152
21092152
21102152
21112152
21122152
21132152
21142152
21152152
21162152
21172152
21182152
21192152
21202152
21212152
21222152
21232152
21242152
21252152
21262152
21272152
21282152
21292152
21302152
21312152
21322152
21332152
21342152
21352152
21362152
21372152
21382152
21392152
21402152
21412152
21422152
21432152
21442152
21452152
21462152
21472152
21482152
21492152
21502152
21512152
21522152
21532152
21542152
21552152
21562152
21572152
21582152
21592152
21602152
21612152
21622152
21632152
21642152
21652152
21662152
21672152
21682152
21692152
21702152
21712152
21722152
21732152
21742152
21752152
21762152
21772152
21782152
21792152
21802152
21812152
21822152
21832152
21842152
21852152
21862152
21872152
21882152
21892152
21902152
21912152
21922152
21932152
21942152
21952152
21962152
21972152
21982152
21992152
22002152
22012152
22022152
22032152
22042152
22052152
22062152
22072152
22082152
22092152
22102152
22112152
22122152
22132152
22142152
22152152
22162152
22172152
22182152
22192152
22202152
22212152
22222152
22232152
22242152
22252152
22262152
22272152
22282152
22292152
22302152
22312152
22322152
22332152
22342152
22352152
22362152
22372152
22382152
22392152
22402152
22412152
22422152
22432152
22442152
22452152
22462152
22472152
22482152
22492152
22502152
22512152
22522152
22532152
22542152
22552152
22562152
22572152
22582152
22592152
22602152
22612152
22622152
22632152
22642152
22652152
22662152
22672152
22682152
22692152
22702152
22712152
22722152
22732152
22742152
22752152
22762152
22772152
22782152
22792152
22802152
22812152
22822152
22832152
22842152
22852152
22862152
22872152
22882152
22892152
22902152
22912152
22922152
22932152
22942152
22952152
22962152
22972152
22982152
22992152
23002152
23012152
23022152
23032152
23042152
23052152
23062152
23072152
23082152
23092152
23102152
23112152
23122152
23132152
23142152
23152152
23162152
23172152
23182152
23192152
23202152
23212152
23222152
23232152
23242152
23252152
23262152
23272152
23282152
23292152
23302152
23312152
23322152
23332152
23342152
23352152
23362152
23372152
23382152
23392152
23402152
23412152
23422152
23432152
23442152
23452152
23462152
23472152
23482152
23492152
23502152
23512152
23522152
23532152
23542152
23552152
23562152
23572152
23582152
23592152
23602152
23612152
23622152
23632152
23642152
23652152
23662152
23672152
23682152
23692152
23702152
23712152
23722152
23732152
23742152
23752152
23762152
23772152
23782152
23792152
23802152
23812152
23822152
23832152
23842152
23852152
23862152
23872152
23882152
23892152
23902152
23912152
23922152
23932152
23942152
23952152
23962152
23972152
23982152
23992152
24002152
24012152
24022152
24032152
24042152
24052152
24062152
24072152
24082152
24092152
24102152
24112152
24122152
24132152
24142152
24152152
24162152
24172152
24182152
24192152
24202152
24212152
24222152
24232152
24242152
24252152
24262152
24272152
24282152
24292152
24302152
24312152
24322152
24332152
24342152
24352152
24362152
24372152
24382152
24392152
24402152
24412152
24422152
24432152
24442152
24452152
24462152
24472152
24482152
24492152
24502152
24512152
24522152
24532152
24542152
24552152
24562152
24572152
24582152
24592152
24602152
24612152
24622152
24632152
24642152
24652152
24662152
24672152
24682152
24692152
24702152
24712152
24722152
24732152
24742152
24752152
24762152
24772152
24782152
24792152
24802152
24812152
24822152
24832152
24842152
24852152
24862152
24872152
24882152
24892152
24902152
24912152
24922152
24932152
24942152
24952152
24962152
24972152
24982152
24992152
25002152
25012152
25022152
25032152
25042152
25052152
25062152
25072152
25082152
25092152
25102152
25112152
25122152
25132152
25142152
25152152
25162152
25172152
25182152
25192152
25202152
25212152
25222152
25232152
25242152
25252152
25262152
25272152
25282152
25292152
25302152
25312152
25322152
25332152
25342152
25352152
25362152
25372152
25382152
25392152
25402152
25412152
25422152
25432152
25442152
25452152
25462152
25472152
25482152
25492152
25502152
25512152
25522152
25532152
25542152
25552152
25562152
25572152
25582152
25592152
25602152
25612152
25622152
25632152
25642152
25652152
25662152
25672152
25682152
25692152
25702152
25712152
25722152
25732152
25742152
25752152
25762152
25772152
25782152
25792152
25802152
25812152
25822152
25832152
25842152
25852152
25862152
25872152
25882152
25892152
25902152
25912152
25922152
25932152
25942152
25952152
25962152
25972152
25982152
25992152
26002152
26012152
26022152
26032152
26042152
26052152
26062152
26072152
26082152
26092152
26102152
26112152
26122152
26132152
26142152
26152152
26162152
26172152
26182152
26192152
26202152
26212152
26222152
26232152
26242152
26252152
26262152
26272152
26282152
26292152
26302152
26312152
26322152
26332152
26342152
26352152
26362152
26372152
26382152
26392152
26402152
26412152
26422152
26432152
26442152
26452152
26462152
26472152
26482152
26492152
26502152
26512152
26522152
26532152
26542152
26552152
26562152
26572152
26582152
26592152
26602152
26612152
26622152
26632152
26642152
26652152
26662152
26672152
26682152
26692152
26702152
26712152
26722152
26732152
26742152
26752152
26762152
26772152
26782152
26792152
26802152
26812152
26822152
26832152
26842152
26852152
26862152
26872152
26882152
26892152
26902152
26912152
26922152
26932152
26942152
26952152
26962152
26972152
26982152
26992152
27002152
27012152
27022152
27032152
27042152
27052152
27062152
27072152
27082152
27092152
27102152
27112152
27122152
27132152
27142152
27152152
27162152
27172152
27182152
27192152
27202152
27212152
27222152
27232152
27242152
27252152
27262152
27272152
27282152
27292152
27302152
27312152
27322152
27332152
27342152
27352152
27362152
27372152
27382152
27392152
27402152
27412152
27422152
27432152
27442152
27452152
27462152
27472152
27482152
27492152
27502152
27512152
27522152
27532152
27542152
27552152
27562152
27572152
27582152
27592152
27602152
27612152
27622152
27632152
27642152
27652152
27662152
27672152
27682152
27692152
27702152
27712152
27722152
27732152
27742152
27752152
27762152
27772152
27782152
27792152
27802152
27812152
27822152
27832152
27842152
27852152
27862152
27872152
27882152
27892152
27902152
27912152
27922152
27932152
27942152
27952152
27962152
27972152
27982152
27992152
28002152
28012152
28022152
28032152
28042152
28052152
28062152
28072152
28082152
28092152
28102152
28112152
28122152
28132152
28142152
28152152
28162152
28172152
28182152
28192152
28202152
28212152
28222152
28232152
28242152
28252152
28262152
28272152
28282152
28292152
28302152
28312152
28322152
28332152
28342152
28352152
28362152
28372152
28382152
28392152
28402152
28412152
28422152
28432152
28442152
28452152
28462152
28472152
28482152
28492152
28502152
28512152
28522152
28532152
28542152
28552152
28562152
28572152
28582152
28592152
28602152
28612152
28622152
28632152
28642152
28652152
28662152
28672152
28682152
28692152
28702152
28712152
28722152
28732152
28742152
28752152
28762152
28772152
28782152
28792152
28802152
28812152
28822152
28832152
28842152
28852152
28862152
28872152
28882152
28892152
28902152
28912152
28922152
28932152
28942152
28952152
28962152
28972152
28982152
28992152
29002152
29012152
29022152
29032152
29042152
29052152
29062152
29072152
29082152
29092152
29102152
29112152
29122152
29132152
29142152
29152152
29162152
29172152
29182152
29192152
29202152
29212152
29222152
29232152
29242152
29252152
29262152
29272152
29282152
29292152
29302152
29312152
29322152
29332152
29342152
29352152
29362152
29372152
29382152
29392152
29402152
29412152
29422152
29432152
29442152
29452152
29462152
29472152
29482152
29492152
29502152
29512152
29522152
29532152
29542152
29552152
29562152
29572152
29582152
29592152
29602152
29612152
29622152
29632152
29642152
29652152
29662152
29672152
29682152
29692152
29702152
29712152
29722152
29732152
29742152
29752152
29762152
29772152
29782152
29792152
29802152
29812152
29822152
29832152
29842152
29852152
29862152
29872152
29882152
29892152
29902152
29912152
29922152
29932152
29942152
29952152
29962152
29972152
29982152
29992152
30002152
30012152
30022152
30032152
30042152
30052152
30062152
30072152
30082152
30092152
30102152
30112152
30122152
30132152
30142152
30152152
30162152
30172152
30182152
30192152
30202152
30212152
30222152
30232152
30242152
30252152
30262152
30272152
30282152
30292152
30302152
30312152
30322152
30332152
30342152
30352152
30362152
30372152
30382152
30392152
30402152
30412152
30422152
30432152
30442152
30452152
30462152
30472152
30482152
30492152
30502152
30512152
30522152
30532152
30542152
30552152
30562152
30572152
30582152
30592152
30602152
30612152
30622152
30632152
30642152
30652152
30662152
30672152
30682152
30692152
30702152
30712152
30722152
30732152
30742152
30752152
30762152
30772152
30782152
30792152
30802152
30812152
30822152
30832152
30842152
30852152
30862152
30872152
30882152
30892152
30902152
30912152
30922152
30932152
30942152
30952152
30962152
30972152
30982152
30992152
31002152
31012152
31022152
31032152
31042152
31052152
31062152
31072152
31082152
31092152
31102152
31112152
31122152
31132152
31142152
31152152
31162152
31172152
31182152
31192152
31202152
31212152
31222152
31232152
31242152
31252152
31262152
31272152
31282152
31292152
31302152
31312152
31322152
31332152
31342152
31352152
31362152
31372152
31382152
31392152
31402152
31412152
31422152
31432152
31442152
31452152
31462152
31472152
31482152
31492152
31502152
31512152
31522152
31532152
31542152
31552152
31562152
31572152
31582152
31592152
31602152
31612152
31622152
31632152
31642152
31652152
31662152
31672152
31682152
31692152
31702152
31712152
31722152
31732152
31742152
31752152
31762152
31772152
31782152
31792152
31802152
31812152
31822152
31832152
31842152
31852152
31862152
31872152
31882152
31892152
31902152
31912152
31922152
31932152
31942152
31952152
31962152
31972152
31982152
31992152
32002152
32012152
32022152
32032152
32042152
32052152
32062152
32072152
32082152
32092152
32102152
32112152
32122152
32132152
32142152
32152152
32162152
32172152
32182152
32192152
32202152
32212152
32222152
32232152
32242152
32252152
32262152
32272152
32282152
32292152
32302152
32312152
32322152
32332152
32342152
32352152
32362152
32372152
32382152
32392152
32402152
32412152
32422152
32432152
32442152
32452152
32462152
32472152
32482152
32492152
32502152
32512152
32522152
32532152
32542152
32552152
32562152
32572152
32582152
32592152
32602152
32612152
32622152
32632152
32642152
32652152
32662152
32672152
32682152
32692152
32702152
32712152
32722152
32732152
32742152
32752152
32762152
32772152
32782152
32792152
32802152
32812152
32822152
32832152
32842152
32852152
32862152
32872152
32882152
32892152
32902152
32912152
32922152
32932152
32942152
32952152
32962152
32972152
32982152
32992152
33002152
33012152
33022152
33032152
33042152
33052152
33062152
33072152
33082152
33092152
33102152
33112152
33122152
33132152
33142152
33152152
33162152
33172152
33182152
33192152
33202152
33212152
33222152
33232152
33242152
33252152
33262152
33272152
33282152
33292152
33302152
33312152
33322152
33332152
33342152
33352152
33362152
33372152
33382152
33392152
33402152
33412152
33422152
33432152
33442152
33452152
33462152
33472152
33482152
33492152
33502152
33512152
33522152
33532152
33542152
33552152
33562152
33572152
33582152
33592152
33602152
33612152
33622152
33632152
33642152
33652152
33662152
33672152
33682152
33692152
33702152
33712152
33722152
33732152
33742152
33752152
33762152
33772152
33782152
33792152
33802152
33812152
33822152
33832152
33842152
33852152
33862152
33872152
33882152
33892152
33902152
33912152
33922152
33932152
33942152
33952152
33962152
33972152
33982152
33992152
34002152
34012152
34022152
34032152
34042152
34052152
34062152
34072152
34082152
34092152
34102152
34112152
34122152
34132152
34142152
34152152
34162152
34172152
34182152
34192152
34202152
34212152
34222152
34232152
34242152
34252152
34262152
34272152
34282152
34292152
34302152
34312152
34322152
34332152
34342152
34352152
34362152
34372152
34382152
34392152
34402152
34412152
34422152
34432152
34442152
34452152
34462152
34472152
34482152
34492152
34502152
34512152
34522152
34532152
34542152
34552152
34562152
34572152
34582152
34592152
34602152
34612152
34622152
34632152
34642152
34652152
34662152
34672152
34682152
34692152
34702152
34712152
34722152
34732152
34742152
34752152
34762152
34772152
34782152
34792152
34802152
34812152
34822152
34832152
34842152
34852152
34862152
34872152
34882152
34892152
34902152
34912152
34922152
34932152
34942152
34952152
34962152
34972152
34982152
34992152
35002152
35012152
35022152
35032152
35042152
35052152
35062152
35072152
35082152
35092152
35102152
35112152
35122152
35132152
35142152
35152152
35162152
35172152
35182152
35192152
35202152
35212152
35222152
35232152
35242152
35252152
35262152
35272152
35282152
35292152
35302152
35312152
35322152
35332152
35342152
35352152
35362152
35372152
35382152
35392152
35402152
35412152
35422152
35432152
35442152
35452152
35462152
35472152
35482152
35492152
35502152
35512152
35522152
35532152
35542152
35552152
35562152
35572152
35582152
35592152
35602152
35612152
35622152
35632152
35642152
35652152
35662152
35672152
35682152
35692152
35702152
35712152
35722152
35732152
35742152
35752152
35762152
35772152
35782152
35792152
35802152
35812152
35822152
35832152
35842152
35852152
35862152
35872152
35882152
35892152
35902152
35912152
35922152
35932152
35942152
35952152
35962152
35972152
35982152
35992152
36002152
36012152
36022152
36032152
36042152
36052152
36062152
36072152
36082152
36092152
36102152
36112152
36122152
36132152
36142152
36152152
36162152
36172152
36182152
36192152
36202152
36212152
36222152
36232152
36242152
36252152
36262152
36272152
36282152
36292152
36302152
36312152
36322152
36332152
36342152
36352152
36362152
36372152
36382152
36392152
36402152
36412152
36422152
36432152
36442152
36452152
36462152
36472152
36482152
36492152
36502152
36512152
36522152
36532152
36542152
36552152
36562152
36572152
36582152
36592152
36602152
36612152
36622152
36632152
36642152
36652152
36662152
36672152
36682152
36692152
36702152
36712152
36722152
36732152
36742152
36752152
36762152
36772152
36782152
36792152
36802152
36812152
36822152
36832152
36842152
36852152
36862152
36872152
36882152
36892152
36902152
36912152
36922152
36932152
36942152
36952152
36962152
36972152
36982152
36992152
37002152
37012152
37022152
37032152
37042152
37052152
37062152
37072152
37082152
37092152
37102152
37112152
37122152
37132152
37142152
37152152
37162152
37172152
37182152
37192152
37202152
37212152
37222152
37232152
37242152
37252152
37262152
37272152
37282152
37292152
37302152
37312152
37322152
37332152
37342152
37352152
37362152
37372152
37382152
37392152
37402152
37412152
37422152
37432152
37442152
37452152
37462152
37472152
37482152
37492152
37502152
37512152
37522152
37532152
37542152
37552152
37562152
37572152
37582152
37592152
37602152
37612152
37622152
37632152
37642152
37652152
37662152
37672152
37682152
37692152
37702152
37712152
37722152
37732152
37742152
37752152
37762152
37772152
37782152
37792152
37802152
37812152
37822152
37832152
37842152
37852152
37862152
37872152
37882152
37892152
37902152
37912152
37922152
37932152
37942152
37952152
37962152
37972152
37982152
37992152
38002152
38012152
38022152
38032152
38042152
38052152
38062152
38072152
38082152
38092152
38102152
38112152
38122152
38132152
38142152
38152152
38162152
38172152
38182152
38192152
38202152
38212152
38222152
38232152
38242152
38252152
38262152
38272152
38282152
38292152
38302152
38312152
38322152
38332152
38342152
38352152
38362152
38372152
38382152
38392152
38402152
38412152
38422152
38432152
38442152
38452152
38462152
38472152
38482152
38492152
38502152
38512152
38522152
38532152
38542152
38552152
38562152
38572152
38582152
38592152
38602152
38612152
38622152
38632152
38642152
38652152
38662152
38672152
38682152
38692152
38702152
38712152
38722152
38732152
38742152
38752152
38762152
38772152
38782152
38792152
38802152
38812152
38822152
38832152
38842152
38852152
38862152
38872152
38882152
38892152
38902152
38912152
38922152
38932152
38942152
38952152
38962152
38972152
38982152
38992152
39002152
39012152
39022152
39032152
39042152
39052152
39062152
39072152
39082152
39092152
39102152
39112152
39122152
39132152
39142152
39152152
39162152
39172152
39182152
39192152
39202152
39212152
39222152
39232152
39242152
39252152
39262152
39272152
39282152
39292152
39302152
39312152
39322152
39332152
39342152
39352152
39362152
39372152
39382152
39392152
39402152
39412152
39422152
39432152
39442152
39452152
39462152
39472152
39482152
39492152
39502152
39512152
39522152
39532152
39542152
39552152
39562152
39572152
39582152
39592152
39602152
39612152
39622152
39632152
39642152
39652152
39662152
39672152
39682152
39692152
39702152
39712152
39722152
39732152
39742152
39752152
39762152
39772152
39782152
39792152
39802152
39812152
39822152
39832152
39842152
39852152
39862152
39872152
39882152
39892152
39902152
39912152
39922152
39932152
39942152
39952152
39962152
39972152
39982152
39992152
40002152
40012152
40022152
40032152
40042152
40052152
40062152
40072152
40082152
40092152
40102152
40112152
40122152
40132152
40142152
40152152
40162152
40172152
40182152
40192152
40202152
40212152
40222152
40232152
40242152
40252152
40262152
40272152
40282152
40292152
40302152
40312152
40322152
40332152
40342152
40352152
40362152
40372152
40382152
40392152
40402152
40412152
40422152
40432152
40442152
40452152
40462152
40472152
40482152
40492152
40502152
40512152
40522152
40532152
40542152
40552152
40562152
40572152
40582152
40592152
40602152
40612152
40622152
40632152
40642152
40652152
40662152
40672152
40682152
40692152
40702152
40712152
40722152
40732152
40742152
40752152
40762152
40772152
40782152
40792152
40802152
40812152
40822152
40832152
40842152
40852152
40862152
40872152
40882152
40892152
40902152
40912152
40922152
40932152
40942152
40952152
40962152
40972152
40982152
40992152
41002152
41012152
41022152
41032152
41042152
41052152
41062152
41072152
41082152
41092152
41102152
41112152
41122152
41132152
41142152
41152152
41162152
41172152
41182152
41192152
41202152
41212152
41222152
41232152
41242152
41252152
41262152
41272152
41282152
41292152
41302152
41312152
41322152
41332152
41342152
41352152
41362152
41372152
41382152
41392152
41402152
41412152
41422152
41432152
41442152
41452152
41462152
41472152
41482152
41492152
41502152
41512152
41522152
41532152
41542152
41552152
41562152
41572152
41582152
41592152
41602152
41612152
41622152
41632152
41642152
41652152
41662152
41672152
41682152
41692152
41702152
41712152
41722152
41732152
41742152
41752152
41762152
41772152
41782152
41792152
41802152
41812152
41822152
41832152
41842152
41852152
41862152
41872152
41882152
41892152
41902152
41912152
41922152
41932152
41942152
41952152
41962152
41972152
41982152
41992152
42002152
42012152
42022152
42032152
42042152
42052152
42062152
42072152
42082152
42092152
42102152
42112152
42122152
42132152
42142152
42152152
42162152
42172152
42182152
42192152
42202152
42212152
42222152
42232152
42242152
42252152
42262152
42272152
42282152
42292152
42302152
42312152
42322152
42332152
42342152
42352152
42362152
42372152
42382152
42392152
42402152
42412152
42422152
42432152
42442152
42452152
42462152
42472152
42482152
42492152
42502152
42512152
42522152
42532152
42542152
42552152
42562152
42572152
42582152
42592152
42602152
42612152
42622152
42632152
42642152
42652152
42662152
42672152
42682152
42692152
42702152
42712152
42722152
42732152
42742152
42752152
42762152
42772152
42782152
42792152
42802152
42812152
42822152
42832152
42842152
42852152
42862152
42872152
42882152
42892152
42902152
42912152
42922152
42932152
42942152
42952152
42962152
42972152
42982152
42992152
43002152
43012152
43022152
43032152
43042152
43052152
43062152
43072152
43082152
43092152
43102152
43112152
43122152
43132152
43142152
43152152
43162152
43172152
43182152
43192152
43202152
43212152
43222152
43232152
43242152
43252152
43262152
43272152
43282152
43292152
43302152
43312152
43322152
43332152
43342152
43352152
43362152
43372152
43382152
43392152
43402152
43412152
43422152
43432152
43442152
43452152
43462152
43472152
43482152
43492152
43502152
43512152
43522152
43532152
43542152
43552152
43562152
43572152
43582152
43592152
43602152
43612152
43622152
43632152
43642152
43652152
43662152
43672152
43682152
43692152
43702152
43712152
43722152
43732152
43742152
43752152
43762152
43772152
43782152
43792152
43802152
43812152
43822152
43832152
43842152
43852152
43862152
43872152
43882152
43892152
43902152
43912152
43922152
43932152
43942152
43952152
43962152
43972152
43982152
43992152
44002152
44012152
44022152
44032152
44042152
44052152
44062152
44072152
44082152
44092152
44102152
44112152
44122152
44132152
44142152
44152152
44162152
44172152
44182152
44192152
44202152
44212152
44222152
44232152
44242152
44252152
44262152
44272152
44282152
44292152
44302152
44312152
44322152
44332152
44342152
44352152
44362152
44372152
44382152
44392152
44402152
44412152
44422152
44432152
44442152
44452152
44462152
44472152
44482152
44492152
44502152
44512152
44522152
44532152
44542152
44552152
44562152
44572152
44582152
44592152
44602152
44612152
44622152
44632152
44642152
44652152
44662152
44672152
44682152
44692152
44702152
44712152
44722152
44732152
44742152
44752152
44762152
44772152
44782152
44792152
44802152
44812152
44822152
44832152
44842152
44852152
44862152
44872152
44882152
44892152
44902152
44912152
44922152
44932152
44942152
44952152
44962152
44972152
44982152
44992152
45002152
45012152
45022152
45032152
45042152
45052152
45062152
45072152
45082152
45092152
45102152
45112152
45122152
45132152
45142152
45152152
45162152
45172152
45182152
45192152
45202152
45212152
45222152
45232152
45242152
45252152
45262152
45272152
45282152
45292152
45302152
45312152
45322152
45332152
45342152
45352152
45362152
45372152
45382152
45392152
45402152
45412152
45422152
45432152
45442152
45452152
45462152
45472152
45482152
45492152
45502152
45512152
45522152
45532152
45542152
45552152
45562152
45572152
45582152
45592152
45602152
45612152
45622152
45632152
45642152
45652152
45662152
45672152
45682152
45692152
45702152
45712152
45722152
45732152
45742152
45752152
45762152
45772152
45782152
45792152
45802152
45812152
45822152
45832152
45842152
45852152
45862152
45872152
45882152
45892152
45902152
45912152
45922152
45932152
45942152
45952152
45962152
45972152
45982152
45992152
46002152
46012152
46022152
46032152
46042152
46052152
46062152
46072152
46082152
46092152
46102152
46112152
46122152
46132152
46142152
46152152
46162152
46172152
46182152
46192152
46202152
46212152
46222152
46232152
46242152
46252152
46262152
46272152
46282152
46292152
46302152
46312152
46322152
46332152
46342152
46352152
46362152
46372152
46382152
46392152
46402152
46412152
46422152
46432152
46442152
46452152
46462152
46472152
46482152
46492152
46502152
46512152
46522152
46532152
46542152
46552152
46562152
46572152
46582152
46592152
46602152
46612152
46622152
46632152
46642152
46652152
46662152
46672152
46682152
46692152
46702152
46712152
46722152
46732152
46742152
46752152
46762152
46772152
46782152
46792152
46802152
46812152
46822152
46832152
46842152
46852152
46862152
46872152
46882152
46892152
46902152
46912152
46922152
46932152
46942152
46952152
46962152
46972152
46982152
46992152
47002152
47012152
47022152
47032152
47042152
47052152
47062152
47072152
47082152
47092152
47102152
47112152
47122152
47132152
47142152
47152152
47162152
47172152
47182152
47192152
47202152
47212152
47222152
47232152
47242152
47252152
47262152
47272152
47282152
47292152
47302152
47312152
47322152
47332152
47342152
47352152
47362152
47372152
47382152
47392152
47402152
47412152
47422152
47432152
47442152
47452152
47462152
47472152
47482152
47492152
47502152
47512152
47522152
47532152
47542152
47552152
47562152
47572152
47582152
47592152
47602152
47612152
47622152
47632152
47642152
47652152
47662152
47672152
47682152
47692152
47702152
47712152
47722152
47732152
47742152
47752152
47762152
47772152
47782152
47792152
47802152
47812152
47822152
47832152
47842152
47852152
47862152
47872152
47882152
47892152
47902152
47912152
47922152
47932152
47942152
47952152
47962152
47972152
47982152
47992152
48002152
48012152
48022152
48032152
48042152
48052152
48062152
48072152
48082152
48092152
48102152
48112152
48122152
48132152
48142152
48152152
48162152
48172152
48182152
48192152
48202152
48212152
48222152
48232152
48242152
48252152
48262152
48272152
48282152
48292152
48302152
48312152
48322152
48332152
48342152
48352152
48362152
48372152
48382152
48392152
48402152
48412152
48422152
48432152
48442152
48452152
48462152
48472152
48482152
48492152
48502152
48512152
48522152
48532152
48542152
48552152
48562152
48572152
48582152
48592152
48602152
48612152
48622152
48632152
48642152
48652152
48662152
48672152
48682152
48692152
48702152
48712152
48722152
48732152
48742152
48752152
48762152
48772152
48782152
48792152
48802152
48812152
48822152
48832152
48842152
48852152
48862152
48872152
48882152
48892152
48902152
48912152
48922152
48932152
48942152
48952152
48962152
48972152
48982152
48992152
49002152
49012152
49022152
49032152
49042152
49052152
49062152
49072152
49082152
49092152
49102152
49112152
49122152
49132152
49142152
49152152
49162152
49172152
49182152
49192152
49202152
49212152
49222152
49232152
49242152
49252152
49262152
49272152
49282152
49292152
49302152
49312152
49322152
49332152
49342152
49352152
49362152
49372152
49382152
49392152
49402152
49412152
49422152
49432152
49442152
49452152
49462152
49472152
49482152
49492152
49502152
49512152
49522152
49532152
49542152
49552152
49562152
49572152
49582152
49592152
49602152
49612152
49622152
49632152
49642152
49652152
49662152
49672152
49682152
49692152
49702152
49712152
49722152
49732152
49742152
49752152
49762152
49772152
49782152
49792152
49802152
49812152
49822152
49832152
49842152
49852152
49862152
49872152
49882152
49892152
49902152
49912152
49922152
49932152
49942152
49952152
49962152
49972152
49982152
49992152
50002152
50012152
50022152
50032152
50042152
50052152
50062152
50072152
50082152
50092152
50102152
50112152
50122152
50132152
50142152
50152152
50162152
50172152
50182152
50192152
50202152
50212152
50222152
50232152
50242152
50252152
50262152
50272152
50282152
50292152
50302152
50312152
50322152
50332152
50342152
50352152
50362152
50372152
50382152
50392152
50402152
50412152
50422152
50432152
50442152
50452152
50462152
50472152
50482152
50492152
50502152
50512152
50522152
50532152
50542152
50552152
50562152
50572152
50582152
50592152
50602152
50612152
50622152
50632152
50642152
50652152
50662152
50672152
50682152
50692152
50702152
50712152
50722152
50732152
50742152
50752152
50762152
50772152
50782152
50792152
50802152
50812152
50822152
50832152
50842152
50852152
50862152
50872152
50882152
50892152
50902152
50912152
50922152
50932152
50942152
50952152
50962152
50972152
50982152
50992152
51002152
51012152
51022152
51032152
51042152
51052152
51062152
51072152
51082152
51092152
51102152
51112152
51122152
51132152
51142152
51152152
51162152
51172152
51182152
51192152
51202152
51212152
51222152
51232152
51242152
51252152
51262152
51272152
51282152
51292152
51302152
51312152
51322152
51332152
51342152
51352152
51362152
51372152
51382152
51392152
51402152
51412152
51422152
51432152
51442152
51452152
51462152
51472152
51482152
51492152
51502152
51512152
51522152
51532152
51542152
51552152
51562152
51572152
51582152
51592152
51602152
51612152
51622152
51632152
51642152
51652152
51662152
51672152
51682152
51692152
51702152
51712152
51722152
51732152
51742152
51752152
51762152
51772152
51782152
51792152
51802152
51812152
51822152
51832152
51842152
51852152
51862152
51872152
51882152
51892152
51902152
51912152
51922152
51932152
51942152
51952152
51962152
51972152
51982152
51992152
52002152
52012152
52022152
52032152
52042152
52052152
52062152
52072152
52082152
52092152
52102152
52112152
52122152
52132152
52142152
52152152
52162152
52172152
52182152
52192152
52202152
52212152
52222152
52232152
52242152
52252152
52262152
52272152
52282152
52292152
52302152
52312152
52322152
52332152
52342152
52352152
52362152
52372152
52382152
52392152
52402152
52412152
52422152
52432152
52442152
52452152
52462152
52472152
52482152
52492152
52502152
52512152
52522152
52532152
52542152
52552152
52562152
52572152
52582152
52592152
52602152
52612152
52622152
52632152
52642152
52652152
52662152
52672152
52682152
52692152
52702152
52712152
52722152
52732152
52742152
52752152
52762152
52772152
52782152
52792152
52802152
52812152
52822152
52832152
52842152
52852152
52862152
52872152
52882152
52892152
52902152
52912152
52922152
52932152
52942152
52952152
52962152
52972152
52982152
52992152
53002152
53012152
53022152
53032152
53042152
53052152
53062152
53072152
53082152
53092152
53102152
53112152
53122152
53132152
53142152
53152152
53162152
53172152
53182152
53192152
53202152
53212152
53222152
53232152
53242152
53252152
53262152
53272152
53282152
53292152
53302152
53312152
53322152
53332152
53342152
53352152
53362152
53372152
53382152
53392152
53402152
53412152
53422152
53432152
53442152
53452152
53462152
53472152
53482152
53492152
53502152
53512152
53522152
53532152
53542152
53552152
53562152
53572152
53582152
53592152
53602152
53612152
53622152
53632152
53642152
53652152
53662152
53672152
53682152
53692152
53702152
53712152
53722152
53732152
53742152
53752152
53762152
53772152
53782152
53792152
53802152
53812152
53822152
53832152
53842152
53852152
53862152
53872152
53882152
53892152
53902152
53912152
53922152
53932152
53942152
53952152
53962152
53972152
53982152
53992152
54002152
54012152
54022152
54032152
54042152
54052152
54062152
54072152
54082152
54092152
54102152
54112152
54122152
54132152
54142152
54152152
54162152
54172152
54182152
54192152
54202152
54212152
54222152
54232152
54242152
54252152
54262152
54272152
54282152
54292152
54302152
54312152
54322152
54332152
54342152
54352152
54362152
54372152
54382152
54392152
54402152
54412152
54422152
54432152
54442152
54452152
54462152
54472152
54482152
54492152
54502152
54512152
54522152
54532152
54542152
54552152
54562152
54572152
54582152
54592152
54602152
54612152
54622152
54632152
54642152
54652152
54662152
54672152
54682152
54692152
54702152
54712152
54722152
54732152
54742152
54752152
54762152
54772152
54782152
54792152
54802152
54812152
54822152
54832152
54842152
54852152
54862152
54872152
54882152
54892152
54902152
54912152
54922152
54932152
54942152
54952152
54962152
54972152
54982152
54992152
55002152
55012152
55022152
55032152
55042152
55052152
55062152
55072152
55082152
55092152
55102152
55112152
55122152
55132152
55142152
55152152
55162152
55172152
55182152
55192152
55202152
55212152
55222152
55232152
55242152
55252152
55262152
55272152
55282152
55292152
55302152
55312152
55322152
55332152
55342152
55352152
55362152
55372152
55382152
55392152
55402152
55412152
55422152
55432152
55442152
55452152
55462152
55472152
55482152
55492152
55502152
55512152
55522152
55532152
55542152
55552152
55562152
55572152
55582152
55592152
55602152
55612152
55622152
55632152
55642152
55652152
55662152
55672152
55682152
55692152
55702152
55712152
55722152
55732152
55742152
55752152
55762152
55772152
55782152
55792152
55802152
55812152
55822152
55832152
55842152
55852152
55862152
55872152
55882152
55892152
55902152
55912152
55922152
55932152
55942152
55952152
55962152
55972152
55982152
55992152
56002152
56012152
56022152
56032152
56042152
56052152
56062152
56072152
56082152
56092152
56102152
56112152
56122152
56132152
56142152
56152152
56162152
56172152
56182152
56192152
56202152
56212152
56222152
56232152
56242152
56252152
56262152
56272152
56282152
56292152
56302152
56312152
56322152
56332152
56342152
56352152
56362152
56372152
56382152
56392152
56402152
56412152
56422152
56432152
56442152
56452152
56462152
56472152
56482152
56492152
56502152
56512152
56522152
56532152
56542152
56552152
56562152
56572152
56582152
56592152
56602152
56612152
56622152
56632152
56642152
56652152
56662152
56672152
56682152
56692152
56702152
56712152
56722152
56732152
56742152
56752152
56762152
56772152
56782152
56792152
56802152
56812152
56822152
56832152
56842152
56852152
56862152
56872152
56882152
56892152
56902152
56912152
56922152
56932152
56942152
56952152
56962152
56972152
56982152
56992152
57002152
57012152
57022152
57032152
57042152
57052152
57062152
57072152
57082152
57092152
57102152
57112152
57122152
57132152
57142152
57152152
57162152
57172152
57182152
57192152
57202152
57212152
57222152
57232152
57242152
57252152
57262152
57272152
57282152
57292152
57302152
57312152
57322152
57332152
57342152
57352152
57362152
57372152
57382152
57392152
57402152
57412152
57422152
57432152
57442152
57452152
57462152
57472152
57482152
57492152
57502152
57512152
57522152
57532152
57542152
57552152
57562152
57572152
57582152
57592152
57602152
57612152
57622152
57632152
57642152
57652152
57662152
57672152
57682152
57692152
57702152
57712152
57722152
57732152
57742152
57752152
57762152
57772152
57782152
57792152
57802152
57812152
57822152
57832152
57842152
57852152
57862152
57872152
57882152
57892152
57902152
57912152
57922152
57932152
57942152
57952152
57962152
57972152
57982152
57992152
58002152
58012152
58022152
58032152
58042152
58052152
58062152
58072152
58082152
58092152
58102152
58112152
58122152
58132152
58142152
58152152
58162152
58172152
58182152
58192152
58202152
58212152
58222152
58232152
58242152
58252152
58262152
58272152
58282152
58292152
58302152
58312152
58322152
58332152
58342152
58352152
58362152
58372152
58382152
58392152
58402152
58412152
58422152
58432152
58442152
58452152
58462152
58472152
58482152
58492152
58502152
58512152
58522152
58532152
58542152
58552152
58562152
58572152
58582152
58592152
58602152
58612152
58622152
58632152
58642152
58652152
58662152
58672152
58682152
58692152
58702152
58712152
58722152
58732152
58742152
58752152
58762152
58772152
58782152
58792152
58802152
58812152
58822152
58832152
58842152
58852152
58862152
58872152
58882152
58892152
58902152
58912152
58922152
58932152
58942152
58952152
58962152
58972152
58982152
58992152
59002152
59012152
59022152
59032152
59042152
59052152
59062152
59072152
59082152
59092152
59102152
59112152
59122152
59132152
59142152
59152152
59162152
59172152
59182152
59192152
59202152
59212152
59222152
59232152
59242152
59252152
59262152
59272152
59282152
59292152
59302152
59312152
59322152
59332152
59342152
59352152
59362152
59372152
59382152
59392152
59402152
59412152
59422152
59432152
59442152
59452152
59462152
59472152
59482152
59492152
59502152
59512152
59522152
59532152
59542152
59552152
59562152
59572152
59582152
59592152
59602152
59612152
59622152
59632152
59642152
59652152
59662152
59672152
59682152
59692152
59702152
59712152
59722152
59732152
59742152
59752152
59762152
59772152
59782152
59792152
59802152
59812152
59822152
59832152
59842152
59852152
59862152
59872152
59882152
59892152
59902152
59912152
59922152
59932152
59942152
59952152
59962152
59972152
59982152
59992152
60002152
60012152
60022152
60032152
60042152
60052152
60062152
60072152
60082152
60092152
60102152
60112152
60122152
60132152
60142152
60152152
60162152
60172152
60182152
60192152
60202152
60212152
60222152
60232152
60242152
60252152
60262152
60272152
60282152
60292152
60302152
60312152
60322152
60332152
60342152
60352152
60362152
60372152
60382152
60392152
60402152
60412152
60422152
60432152
60442152
60452152
60462152
60472152
60482152
60492152
60502152
60512152
60522152
60532152
60542152
60552152
60562152
60572152
60582152
60592152
60602152
60612152
60622152
60632152
60642152
60652152
60662152
60672152
60682152
60692152
60702152
60712152
60722152
60732152
60742152
60752152
60762152
60772152
60782152
60792152
60802152
60812152
60822152
60832152
60842152
60852152
60862152
60872152
60882152
60892152
60902152
60912152
60922152
60932152
60942152
60952152
60962152
60972152
60982152
60992152
61002152
61012152
61022152
61032152
61042152
61052152
61062152
61072152
61082152
61092152
61102152
61112152
61122152
61132152
61142152
61152152
61162152
61172152
61182152
61192152
61202152
61212152
61222152
61232152
61242152
61252152
61262152
61272152
61282152
61292152
61302152
61312152
61322152
61332152
61342152
61352152
61362152
61372152
61382152
61392152
61402152
61412152
61422152
61432152
61442152
61452152
61462152
61472152
61482152
61492152
61502152
61512152
61522152
61532152
61542152
61552152
61562152
61572152
61582152
61592152
61602152
61612152
61622152
61632152
61642152
61652152
61662152
61672152
61682152
61692152
61702152
61712152
61722152
61732152
61742152
61752152
61762152
61772152
61782152
61792152
61802152
61812152
61822152
61832152
61842152
61852152
61862152
61872152
61882152
61892152
61902152
61912152
61922152
61932152
61942152
61952152
61962152
61972152
61982152
61992152
62002152
62012152
62022152
62032152
62042152
62052152
62062152
62072152
62082152
62092152
62102152
62112152
62122152
62132152
62142152
62152152
62162152
62172152
62182152
62192152
62202152
62212152
62222152
62232152
62242152
62252152
62262152
62272152
62282152
62292152
62302152
62312152
62322152
62332152
62342152
62352152
62362152
62372152
62382152
62392152
62402152
62412152
62422152
62432152
62442152
62452152
62462152
62472152
62482152
62492152
62502152
62512152
62522152
62532152
62542152
62552152
62562152
62572152
62582152
62592152
62602152
62612152
62622152
62632152
62642152
62652152
62662152
62672152
62682152
62692152
62702152
62712152
62722152
62732152
62742152
62752152
62762152
62772152
62782152
62792152
62802152
62812152
62822152
62832152
62842152
62852152
62862152
62872152
62882152
62892152
62902152
62912152
62922152
62932152
62942152
62952152
62962152
62972152
62982152
62992152
63002152
63012152
63022152
63032152
63042152
63052152
63062152
63072152
63082152
63092152
63102152
63112152
63122152
63132152
63142152
63152152
63162152
63172152
63182152
63192152
63202152
63212152
63222152
63232152
63242152
63252152
63262152
63272152
63282152
63292152
63302152
63312152
63322152
63332152
63342152
63352152
63362152
63372152
63382152
63392152
63402152
63412152
63422152
63432152
63442152
63452152
63462152
63472152
63482152
63492152
63502152
63512152
63522152
63532152
63542152
63552152
63562152
63572152
63582152
63592152
63602152
63612152
63622152
63632152
63642152
63652152
63662152
63672152
63682152
63692152
63702152
63712152
63722152
63732152
63742152
63752152
63762152
63772152
63782152
63792152
63802152
63812152
63822152
63832152
63842152
63852152
63862152
63872152
63882152
63892152
63902152
63912152
63922152
63932152
63942152
63952152
63962152
63972152
63982152
63992152
64002152
64012152
64022152
64032152
64042152
64052152
64062152
64072152
64082152
64092152
64102152
64112152
64122152
64132152
64142152
64152152
64162152
64172152
64182152
64192152
64202152
64212152
64222152
64232152
64242152
64252152
64262152
64272152
64282152
64292152
64302152
64312152
64322152
64332152
64342152
64352152
64362152
64372152
64382152
64392152
64402152
64412152
64422152
64432152
64442152
64452152
64462152
64472152
64482152
64492152
64502152
64512152
64522152
64532152
64542152
64552152
64562152
64572152
64582152
64592152
64602152
64612152
64622152
64632152
64642152
64652152
64662152
64672152
64682152
64692152
64702152
64712152
64722152
64732152
64742152
64752152
64762152
64772152
64782152
64792152
64802152
64812152
64822152
64832152
64842152
64852152
64862152
64872152
64882152
64892152
64902152
64912152
64922152
64932152
64942152
64952152
64962152
64972152
64982152
64992152
65002152
65012152
65022152
65032152
65042152
65052152
65062152
65072152
65082152
65092152
65102152
65112152
65122152
65132152
65142152
65152152
65162152
65172152
65182152
65192152
65202152
65212152
65222152
65232152
65242152
65252152
65262152
65272152
65282152
65292152
65302152
65312152
65322152
65332152
65342152
65352152
65362152
65372152
65382152
65392152
65402152
65412152
65422152
65432152
65442152
65452152
65462152
65472152
65482152
65492152
65502152
65512152
65522152
65532152
65542152
65552152
65562152
65572152
65582152
65592152
65602152
65612152
65622152
65632152
65642152
65652152
65662152
65672152
65682152
65692152
65702152
65712152
65722152
65732152
65742152
65752152
65762152
65772152
65782152
65792152
65802152
65812152
65822152
65832152
65842152
65852152
65862152
65872152
65882152
65892152
65902152
65912152
65922152
65932152
65942152
65952152
65962152
65972152
65982152
65992152
66002152
66012152
66022152
66032152
66042152
66052152
66062152
66072152
66082152
66092152
66102152
66112152
66122152
66132152
66142152
66152152
66162152
66172152
66182152
66192152
66202152
66212152
66222152
66232152
66242152
66252152
66262152
66272152
66282152
66292152
66302152
66312152
66322152
66332152
66342152
66352152
66362152
66372152
66382152
66392152
66402152
66412152
66422152
66432152
66442152
66452152
66462152
66472152
66482152
66492152
66502152
66512152
66522152
66532152
66542152
66552152
66562152
66572152
66582152
66592152
66602152
66612152
66622152
66632152
66642152
66652152
66662152
66672152
66682152
66692152
66702152
66712152
66722152
66732152
66742152
66752152
66762152
66772152
66782152
66792152
66802152
66812152
66822152
66832152
66842152
66852152
66862152
66872152
66882152
66892152
66902152
66912152
66922152
66932152
66942152
66952152
66962152
66972152
66982152
66992152
67002152
67012152
67022152
67032152
67042152
67052152
67062152
67072152
67082152
67092152
67102152
67112152
67122152
67132152
67142152
67152152
67162152
67172152
67182152
67192152
67202152
67212152
67222152
67232152
67242152
67252152
67262152
67272152
67282152
67292152
67302152
67312152
67322152
67332152
67342152
67352152
67362152
67372152
67382152
67392152
67402152
67412152
67422152
67432152
67442152
67452152
67462152
67472152
67482152
67492152
67502152
67512152
67522152
67532152
67542152
67552152
67562152
67572152
67582152
67592152
67602152
67612152
67622152
67632152
67642152
67652152
67662152
67672152
67682152
67692152
67702152
67712152
67722152
67732152
67742152
67752152
67762152
67772152
67782152
67792152
67802152
67812152
67822152
67832152
67842152
67852152
67862152
67872152
67882152
67892152
67902152
67912152
67922152
67932152
67942152
67952152
67962152
67972152
67982152
67992152
68002152
68012152
68022152
68032152
68042152
68052152
68062152
68072152
68082152
68092152
68102152
68112152
68122152
68132152
68142152
68152152
68162152
68172152
68182152
68192152
68202152
68212152
68222152
68232152
68242152
68252152
68262152
68272152
68282152
68292152
68302152
68312152
68322152
68332152
68342152
68352152
68362152
68372152
68382152
68392152
68402152
68412152
68422152
68432152
68442152
68452152
68462152
68472152
68482152
68492152
68502152
68512152
68522152
68532152
68542152
68552152
68562152
68572152
68582152
68592152
68602152
68612152
68622152
68632152
68642152
68652152
68662152
68672152
68682152
68692152
68702152
68712152
68722152
68732152
68742152
68752152
68762152
68772152
68782152
68792152
68802152
68812152
68822152
68832152
68842152
68852152
68862152
68872152
68882152
68892152
68902152
68912152
68922152
68932152
68942152
68952152
68962152
68972152
68982152
68992152
69002152
69012152
69022152
69032152
69042152
69052152
69062152
69072152
69082152
69092152
69102152
69112152
69122152
69132152
69142152
69152152
69162152
69172152
69182152
69192152
69202152
69212152
69222152
69232152
69242152
69252152
69262152
69272152
69282152
69292152
69302152
69312152
69322152
69332152
69342152
69352152
69362152
69372152
69382152
69392152
69402152
69412152
69422152
69432152
69442152
69452152
69462152
69472152
69482152
69492152
69502152
69512152
69522152
69532152
69542152
69552152
69562152
69572152
69582152
69592152
69602152
69612152
69622152
69632152
69642152
69652152
69662152
69672152
69682152
69692152
69702152
69712152
69722152
69732152
69742152
69752152
69762152
69772152
69782152
69792152
69802152
69812152
69822152
69832152
69842152
69852152
69862152
69872152
69882152
69892152
69902152
69912152
69922152
69932152
69942152
69952152
69962152
69972152
69982152
69992152
70002152
70012152
70022152
70032152
70042152
70052152
70062152
70072152
70082152
70092152
70102152
70112152
70122152
70132152
70142152
70152152
70162152
70172152
70182152
70192152
70202152
70212152
70222152
70232152
70242152
70252152
70262152
70272152
70282152
70292152
70302152
70312152
70322152
70332152
70342152
70352152
70362152
70372152
70382152
70392152
70402152
70412152
70422152
70432152
70442152
70452152
70462152
70472152
70482152
70492152
70502152
70512152
70522152
70532152
70542152
70552152
70562152
70572152
70582152
70592152
70602152
70612152
70622152
70632152
70642152
70652152
70662152
70672152
70682152
70692152
70702152
70712152
70722152
70732152
70742152
70752152
70762152
70772152
70782152
70792152
70802152
70812152
70822152
70832152
70842152
70852152
70862152
70872152
70882152
70892152
70902152
70912152
70922152
70932152
70942152
70952152
70962152
70972152
70982152
70992152
71002152
71012152
71022152
71032152
71042152
71052152
71062152
71072152
71082152
71092152
71102152
71112152
71122152
71132152
71142152
71152152
71162152
71172152
71182152
71192152
71202152
71212152
71222152
71232152
71242152
71252152
71262152
71272152
71282152
71292152
71302152
71312152
71322152
71332152
71342152
71352152
71362152
71372152
71382152
71392152
71402152
71412152
71422152
71432152
71442152
71452152
71462152
71472152
71482152
71492152
71502152
71512152
71522152
71532152
71542152
71552152
71562152
71572152
71582152
71592152
71602152
71612152
71622152
71632152
71642152
71652152
71662152
71672152
71682152
71692152
71702152
71712152
71722152
71732152
71742152
71752152
71762152
71772152
71782152
71792152
71802152
71812152
71822152
71832152
71842152
71852152
71862152
71872152
71882152
71892152
71902152
71912152
71922152
71932152
71942152
71952152
71962152
71972152
71982152
71992152
72002152
72012152
72022152
72032152
72042152
72052152
72062152
72072152
72082152
72092152
72102152
72112152
72122152
72132152
72142152
72152152
72162152
72172152
72182152
72192152
72202152
72212152
72222152
72232152
72242152
72252152
72262152
72272152
72282152
72292152
72302152
72312152
72322152
72332152
72342152
72352152
72362152
72372152
72382152
72392152
72402152
72412152
72422152
72432152
72442152
72452152
72462152
72472152
72482152
72492152
72502152
72512152
72522152
72532152
72542152
72552152
72562152
72572152
72582152
72592152
72602152
72612152
72622152
72632152
72642152
72652152
72662152
72672152
72682152
72692152
72702152
72712152
72722152
72732152
72742152
72752152
72762152
72772152
72782152
72792152
72802152
72812152
72822152
72832152
72842152
72852152
72862152
72872152
72882152
72892152
72902152
72912152
72922152
72932152
72942152
72952152
72962152
72972152
72982152
72992152
73002152
73012152
73022152
73032152
73042152
73052152
73062152
73072152
73082152
73092152
73102152
73112152
73122152
73132152
73142152
73152152
73162152
73172152
73182152
73192152
73202152
73212152
73222152
73232152
73242152
73252152
73262152
73272152
73282152
73292152
73302152
73312152
73322152
73332152
73342152
73352152
73362152
73372152
73382152
73392152
73402152
73412152
73422152
73432152
73442152
73452152
73462152
73472152
73482152
73492152
73502152
73512152
73522152
73532152
73542152
73552152
73562152
73572152
73582152
73592152
73602152
73612152
73622152
73632152
73642152
73652152
73662152
73672152
73682152
73692152
73702152
73712152
73722152
73732152
73742152
73752152
73762152
73772152
73782152
73792152
73802152
73812152
73822152
73832152
73842152
73852152
73862152
73872152
73882152
73892152
73902152
73912152
73922152
73932152
73942152
73952152
73962152
73972152
73982152
73992152
74002152
74012152
74022152
74032152
74042152
74052152
74062152
74072152
74082152
74092152
74102152
74112152
74122152
74132152
74142152
74152152
74162152
74172152
74182152
74192152
74202152
74212152
74222152
74232152
74242152
74252152
74262152
74272152
74282152
74292152
74302152
74312152
74322152
74332152
74342152
74352152
74362152
74372152
74382152
74392152
74402152
74412152
74422152
74432152
74442152
74452152
74462152
74472152
74482152
74492152
74502152
74512152
74522152
74532152
74542152
74552152
74562152
74572152
74582152
74592152
74602152
74612152
74622152
74632152
74642152
74652152
74662152
74672152
74682152
74692152
74702152
74712152
74722152
74732152
74742152
74752152
74762152
74772152
74782152
74792152
74802152
74812152
74822152
74832152
74842152
74852152
74862152
74872152
74882152
74892152
74902152
74912152
74922152
74932152
74942152
74952152
74962152
74972152
74982152
74992152
75002152
75012152
75022152
75032152
75042152
75052152
75062152
75072152
75082152
75092152
75102152
75112152
75122152
75132152
75142152
75152152
75162152
75172152
75182152
75192152
75202152
75212152
75222152
75232152
75242152
75252152
75262152
75272152
75282152
75292152
75302152
75312152
75322152
75332152
75342152
75352152
75362152
75372152
75382152
75392152
75402152
75412152
75422152
75432152
75442152
75452152
75462152
75472152
75482152
75492152
75502152
75512152
75522152
75532152
75542152
75552152
75562152
75572152
75582152
75592152
75602152
75612152
75622152
75632152
75642152
75652152
75662152
75672152
75682152
75692152
75702152
75712152
75722152
75732152
75742152
75752152
75762152
75772152
75782152
75792152
75802152
75812152
75822152
75832152
75842152
75852152
75862152
75872152
75882152
75892152
75902152
75912152
75922152
75932152
75942152
75952152
75962152
75972152
75982152
75992152
76002152
76012152
76022152
76032152
76042152
76052152
76062152
76072152
76082152
76092152
76102152
76112152
76122152
76132152
76142152
76152152
76162152
76172152
76182152
76192152
76202152
76212152
76222152
76232152
76242152
76252152
76262152
76272152
76282152
76292152
76302152
76312152
76322152
76332152
76342152
76352152
76362152
76372152
76382152
76392152
76402152
76412152
76422152
76432152
76442152
76452152
76462152
76472152
76482152
76492152
76502152
76512152
76522152
76532152
76542152
76552152
76562152
76572152
76582152
76592152
76602152
76612152
76622152
76632152
76642152
76652152
76662152
76672152
76682152
76692152
76702152
76712152
76722152
76732152
76742152
76752152
76762152
76772152
76782152
76792152
76802152
76812152
76822152
76832152
76842152
76852152
76862152
76872152
76882152
76892152
76902152
76912152
76922152
76932152
76942152
76952152
76962152
76972152
76982152
76992152
77002152
77012152
77022152
77032152
77042152
77052152
77062152
77072152
77082152
77092152
77102152
77112152
77122152
77132152
77142152
77152152
77162152
77172152
77182152
77192152
77202152
77212152
77222152
77232152
77242152
77252152
77262152
77272152
77282152
77292152
77302152
77312152
77322152
77332152
77342152
77352152
77362152
77372152
77382152
77392152
77402152
77412152
77422152
77432152
77442152
77452152
77462152
77472152
77482152
77492152
77502152
77512152
77522152
77532152
77542152
77552152
77562152
77572152
77582152
77592152
77602152
77612152
77622152
77632152
77642152
77652152
77662152
77672152
77682152
77692152
77702152
77712152
77722152
77732152
77742152
77752152
77762152
77772152
77782152
77792152
77802152
77812152
77822152
77832152
77842152
77852152
77862152
77872152
77882152
77892152
77902152
77912152
77922152
77932152
77942152
77952152
77962152
77972152
77982152
77992152
78002152
78012152
78022152
78032152
78042152
78052152
78062152
78072152
78082152
78092152
78102152
78112152
78122152
78132152
78142152
78152152
78162152
78172152
78182152
78192152
78202152
78212152
78222152
78232152
78242152
78252152
78262152
78272152
78282152
78292152
78302152
78312152
78322152
78332152
78342152
78352152
78362152
78372152
78382152
78392152
78402152
78412152
78422152
78432152
78442152
78452152
78462152
78472152
78482152
78492152
78502152
78512152
78522152
78532152
78542152
78552152
78562152
78572152
78582152
78592152
78602152
78612152
78622152
78632152
78642152
78652152
78662152
78672152
78682152
78692152
78702152
78712152
78722152
78732152
78742152
78752152
78762152
78772152
78782152
78792152
78802152
78812152
78822152
78832152
78842152
78852152
78862152
78872152
78882152
78892152
78902152
78912152
78922152
78932152
78942152
78952152
78962152
78972152
78982152
78992152
79002152
79012152
79022152
79032152
79042152
79052152
79062152
79072152
79082152
79092152
79102152
79112152
79122152
79132152
79142152
79152152
79162152
79172152
79182152
79192152
79202152
79212152
79222152
79232152
79242152
79252152
79262152
79272152
79282152
79292152
79302152
79312152
79322152
79332152
79342152
79352152
79362152
79372152
79382152
79392152
79402152
79412152
79422152
79432152
79442152
79452152
79462152
79472152
79482152
79492152
79502152
79512152
79522152
79532152
79542152
79552152
79562152
79572152
79582152
79592152
79602152
79612152
79622152
79632152
79642152
79652152
79662152
79672152
79682152
79692152
79702152
79712152
79722152
79732152
79742152
79752152
79762152
79772152
79782152
79792152
79802152
79812152
79822152
79832152
79842152
79852152
79862152
79872152
79882152
79892152
79902152
79912152
79922152
79932152
79942152
79952152
79962152
79972152
79982152
79992152
80002152
80012152
80022152
80032152
80042152
80052152
80062152
80072152
80082152
80092152
80102152
80112152
80122152
80132152
80142152
80152152
80162152
80172152
80182152
80192152
80202152
80212152
80222152
80232152
80242152
80252152
80262152
80272152
80282152
80292152
80302152
80312152
80322152
80332152
80342152
80352152
80362152
80372152
80382152
80392152
80402152
80412152
80422152
80432152
80442152
80452152
80462152
80472152
80482152
80492152
80502152
80512152
80522152
80532152
80542152
80552152
80562152
80572152
80582152
80592152
80602152
80612152
80622152
80632152
80642152
80652152
80662152
80672152
80682152
80692152
80702152
80712152
80722152
80732152
80742152
80752152
80762152
80772152
80782152
80792152
80802152
80812152
80822152
80832152
80842152
80852152
80862152
80872152
80882152
80892152
80902152
80912152
80922152
80932152
80942152
80952152
80962152
80972152
80982152
80992152
81002152
81012152
81022152
81032152
81042152
81052152
81062152
81072152
81082152
81092152
81102152
81112152
81122152
81132152
81142152
81152152
81162152
81172152
81182152
81192152
81202152
81212152
81222152
81232152
81242152
81252152
81262152
81272152
81282152
81292152
81302152
81312152
81322152
81332152
81342152
81352152
81362152
81372152
81382152
81392152
81402152
81412152
81422152
81432152
81442152
81452152
81462152
81472152
81482152
81492152
81502152
81512152
81522152
81532152
81542152
81552152
81562152
81572152
81582152
81592152
81602152
81612152
81622152
81632152
81642152
81652152
81662152
81672152
81682152
81692152
81702152
81712152
81722152
81732152
81742152
81752152
81762152
81772152
81782152
81792152
81802152
81812152
81822152
81832152
81842152
81852152
81862152
81872152
81882152
81892152
81902152
81912152
81922152
81932152
81942152
81952152
81962152
81972152
81982152
81992152
82002152
82012152
82022152
82032152
82042152
82052152
82062152
82072152
82082152
82092152
82102152
82112152
82122152
82132152
82142152
82152152
82162152
82172152
82182152
82192152
82202152
82212152
82222152
82232152
82242152
82252152
82262152
82272152
82282152
82292152
82302152
82312152
82322152
82332152
82342152
82352152
82362152
82372152
82382152
82392152
82402152
82412152
82422152
82432152
82442152
82452152
82462152
82472152
82482152
82492152
82502152
82512152
82522152
82532152
82542152
82552152
82562152
82572152
82582152
82592152
82602152
82612152
82622152
82632152
82642152
82652152
82662152
82672152
82682152
82692152
82702152
82712152
82722152
82732152
82742152
82752152
82762152
82772152
82782152
82792152
82802152
82812152
82822152
82832152
82842152
82852152
82862152
82872152
82882152
82892152
82902152
82912152
82922152
82932152
82942152
82952152
82962152
82972152
82982152
82992152
83002152
83012152
83022152
83032152
83042152
83052152
83062152
83072152
83082152
83092152
83102152
83112152
83122152
83132152
83142152
83152152
83162152
83172152
83182152
83192152
83202152
83212152
83222152
83232152
83242152
83252152
83262152
83272152
83282152
83292152
83302152
83312152
83322152
83332152
83342152
83352152
83362152
83372152
83382152
83392152
83402152
83412152
83422152
83432152
83442152
83452152
83462152
83472152
83482152
83492152
83502152
83512152
83522152
83532152
83542152
83552152
83562152
83572152
83582152
83592152
83602152
83612152
83622152
83632152
83642152
83652152
83662152
83672152
83682152
83692152
83702152
83712152
83722152
83732152
83742152
83752152
83762152
83772152
83782152
83792152
83802152
83812152
83822152
83832152
83842152
83852152
83862152
83872152
83882152
83892152
83902152
83912152
83922152
83932152
83942152
83952152
83962152
83972152
83982152
83992152
84002152
84012152
84022152
84032152
84042152
84052152
84062152
84072152
84082152
84092152
84102152
84112152
84122152
84132152
84142152
84152152
84162152
84172152
84182152
84192152
84202152
84212152
84222152
84232152
84242152
84252152
84262152
84272152
84282152
84292152
84302152
84312152
84322152
84332152
84342152
84352152
84362152
84372152
84382152
84392152
84402152
84412152
84422152
84432152
84442152
84452152
84462152
84472152
84482152
84492152
84502152
84512152
84522152
84532152
84542152
84552152
84562152
84572152
84582152
84592152
84602152
84612152
84622152
84632152
84642152
84652152
84662152
84672152
84682152
84692152
84702152
84712152
84722152
84732152
84742152
84752152
84762152
84772152
84782152
84792152
84802152
84812152
84822152
84832152
84842152
84852152
84862152
84872152
84882152
84892152
84902152
84912152
84922152
84932152
84942152
84952152
84962152
84972152
84982152
84992152
85002152
85012152
85022152
85032152
85042152
85052152
85062152
85072152
85082152
85092152
85102152
85112152
85122152
85132152
85142152
85152152
85162152
85172152
85182152
85192152
85202152
85212152
85222152
85232152
85242152
85252152
85262152
85272152
85282152
85292152
85302152
85312152
85322152
85332152
85342152
85352152
85362152
85372152
85382152
85392152
85402152
85412152
85422152
85432152
85442152
85452152
85462152
85472152
85482152
85492152
85502152
85512152
85522152
85532152
85542152
85552152
85562152
85572152
85582152
85592152
85602152
85612152
85622152
85632152
85642152
85652152
85662152
85672152
85682152
85692152
85702152
85712152
85722152
85732152
85742152
85752152
85762152
85772152
85782152
85792152
85802152
85812152
85822152
85832152
85842152
85852152
85862152
85872152
85882152
85892152
85902152
85912152
85922152
85932152
85942152
85952152
85962152
85972152
85982152
85992152
86002152
86012152
86022152
86032152
86042152
86052152
86062152
86072152
86082152
86092152
86102152
86112152
86122152
86132152
86142152
86152152
86162152
86172152
86182152
86192152
86202152
86212152
86222152
86232152
86242152
86252152
86262152
86272152
86282152
86292152
86302152
86312152
86322152
86332152
86342152
86352152
86362152
86372152
86382152
86392152
86402152
86412152
86422152
86432152
86442152
86452152
86462152
86472152
86482152
86492152
86502152
86512152
86522152
86532152
86542152
86552152
86562152
86572152
86582152
86592152
86602152
86612152
86622152
86632152
86642152
86652152
86662152
86672152
86682152
86692152
86702152
86712152
86722152
86732152
86742152
86752152
86762152
86772152
86782152
86792152
86802152
86812152
86822152
86832152
86842152
86852152
86862152
86872152
86882152
86892152
86902152
86912152
86922152
86932152
86942152
86952152
86962152
86972152
86982152
86992152
87002152
87012152
87022152
87032152
87042152
87052152
87062152
87072152
87082152
87092152
87102152
87112152
87122152
87132152
87142152
87152152
87162152
87172152
87182152
87192152
87202152
87212152
87222152
87232152
87242152
87252152
87262152
87272152
87282152
87292152
87302152
87312152
87322152
87332152
87342152
87352152
87362152
87372152
87382152
87392152
87402152
87412152
87422152
87432152
87442152
87452152
87462152
87472152
87482152
87492152
87502152
87512152
87522152
87532152
87542152
87552152
87562152
87572152
87582152
87592152
87602152
87612152
87622152
87632152
87642152
87652152
87662152
87672152
87682152
87692152
87702152
87712152
87722152
87732152
87742152
87752152
87762152
87772152
87782152
87792152
87802152
87812152
87822152
87832152
87842152
87852152
87862152
87872152
87882152
87892152
87902152
87912152
87922152
87932152
87942152
87952152
87962152
87972152
87982152
87992152
88002152
88012152
88022152
88032152
88042152
88052152
88062152
88072152
88082152
88092152
88102152
88112152
88122152
88132152
88142152
88152152
88162152
88172152
88182152
88192152
88202152
88212152
88222152
88232152
88242152
88252152
88262152
88272152
88282152
88292152
88302152
88312152
88322152
88332152
88342152
88352152
88362152
88372152
88382152
88392152
88402152
88412152
88422152
88432152
88442152
88452152
88462152
88472152
88482152
88492152
88502152
88512152
88522152
88532152
88542152
88552152
88562152
88572152
88582152
88592152
88602152
88612152
88622152
88632152
88642152
88652152
88662152
88672152
88682152
88692152
88702152
88712152
88722152
88732152
88742152
88752152
88762152
88772152
88782152
88792152
88802152
88812152
88822152
88832152
88842152
88852152
88862152
88872152
88882152
88892152
88902152
88912152
88922152
88932152
88942152
88952152
88962152
88972152
88982152
88992152
89002152
89012152
89022152
89032152
89042152
89052152
89062152
89072152
89082152
89092152
89102152
89112152
89122152
89132152
89142152
89152152
89162152
89172152
89182152
89192152
89202152
89212152
89222152
89232152
89242152
89252152
89262152
89272152
89282152
89292152
89302152
89312152
89322152
89332152
89342152
89352152
89362152
89372152
89382152
89392152
89402152
89412152
89422152
89432152
89442152
89452152
89462152
89472152
89482152
89492152
89502152
89512152
89522152
89532152
89542152
89552152
89562152
89572152
89582152
89592152
89602152
89612152
89622152
89632152
89642152
89652152
89662152
89672152
89682152
89692152
89702152
89712152
89722152
89732152
89742152
89752152
89762152
89772152
89782152
89792152
89802152
89812152
89822152
89832152
89842152
89852152
89862152
89872152
89882152
89892152
89902152
89912152
89922152
89932152
89942152
89952152
89962152
89972152
89982152
89992152
90002152
90012152
90022152
90032152
90042152
90052152
90062152
90072152
90082152
90092152
90102152
90112152
90122152
90132152
90142152
90152152
90162152
90172152
90182152
90192152
90202152
90212152
90222152
90232152
90242152
90252152
90262152
90272152
90282152
90292152
90302152
90312152
90322152
90332152
90342152
90352152
90362152
90372152
90382152
90392152
90402152
90412152
90422152
90432152
90442152
90452152
90462152
90472152
90482152
90492152
90502152
90512152
90522152
90532152
90542152
90552152
90562152
90572152
90582152
90592152
90602152
90612152
90622152
90632152
90642152
90652152
90662152
90672152
90682152
90692152
90702152
90712152
90722152
90732152
90742152
90752152
90762152
90772152
90782152
90792152
90802152
90812152
90822152
90832152
90842152
90852152
90862152
90872152
90882152
90892152
90902152
90912152
90922152
90932152
90942152
90952152
90962152
90972152
90982152
90992152
91002152
91012152
91022152
91032152
91042152
91052152
91062152
91072152
91082152
91092152
91102152
91112152
91122152
91132152
91142152
91152152
91162152
91172152
91182152
91192152
91202152
91212152
91222152
91232152
91242152
91252152
91262152
91272152
91282152
91292152
91302152
91312152
91322152
91332152
91342152
91352152
91362152
91372152
91382152
91392152
91402152
91412152
91422152
91432152
91442152
91452152
91462152
91472152
91482152
91492152
91502152
91512152
91522152
91532152
91542152
91552152
91562152
91572152
91582152
91592152
91602152
91612152
91622152
91632152
91642152
91652152
91662152
91672152
91682152
91692152
91702152
91712152
91722152
91732152
91742152
91752152
91762152
91772152
91782152
91792152
91802152
91812152
91822152
91832152
91842152
91852152
91862152
91872152
91882152
91892152
91902152
91912152
91922152
91932152
91942152
91952152
91962152
91972152
91982152
91992152
92002152
92012152
92022152
92032152
92042152
92052152
92062152
92072152
92082152
92092152
92102152
92112152
92122152
92132152
92142152
92152152
92162152
92172152
92182152
92192152
92202152
92212152
92222152
92232152
92242152
92252152
92262152
92272152
92282152
92292152
92302152
92312152
92322152
92332152
92342152
92352152
92362152
92372152
92382152
92392152
92402152
92412152
92422152
92432152
92442152
92452152
92462152
92472152
92482152
92492152
92502152
92512152
92522152
92532152
92542152
92552152
92562152
92572152
92582152
92592152
92602152
92612152
92622152
92632152
92642152
92652152
92662152
92672152
92682152
92692152
92702152
92712152
92722152
92732152
92742152
92752152
92762152
92772152
92782152
92792152
92802152
92812152
92822152
92832152
92842152
92852152
92862152
92872152
92882152
92892152
92902152
92912152
92922152
92932152
92942152
92952152
92962152
92972152
92982152
92992152
93002152
93012152
93022152
93032152
93042152
93052152
93062152
93072152
93082152
93092152
93102152
93112152
93122152
93132152
93142152
93152152
93162152
93172152
93182152
93192152
93202152
93212152
93222152
93232152
93242152
93252152
93262152
93272152
93282152
93292152
93302152
93312152
93322152
93332152
93342152
93352152
93362152
93372152
93382152
93392152
93402152
93412152
93422152
93432152
93442152
93452152
93462152
93472152
93482152
93492152
93502152
93512152
93522152
93532152
93542152
93552152
93562152
93572152
93582152
93592152
93602152
93612152
93622152
93632152
93642152
93652152
93662152
93672152
93682152
93692152
93702152
93712152
93722152
93732152
93742152
93752152
93762152
93772152
93782152
93792152
93802152
93812152
93822152
93832152
93842152
93852152
93862152
93872152
93882152
93892152
93902152
93912152
93922152
93932152
93942152
93952152
93962152
93972152
93982152
93992152
94002152
94012152
94022152
94032152
94042152
94052152
94062152
94072152
94082152
94092152
94102152
94112152
94122152
94132152
94142152
94152152
94162152
94172152
94182152
94192152
94202152
94212152
94222152
94232152
94242152
94252152
94262152
94272152
94282152
94292152
94302152
94312152
94322152
94332152
94342152
94352152
94362152
94372152
94382152
94392152
94402152
94412152
94422152
94432152
94442152
94452152
94462152
94472152
94482152
94492152
94502152
94512152
94522152
94532152
94542152
94552152
94562152
94572152
94582152
94592152
94602152
94612152
94622152
94632152
94642152
94652152
94662152
94672152
94682152
94692152
94702152
94712152
94722152
94732152
94742152
94752152
94762152
94772152
94782152
94792152
94802152
94812152
94822152
94832152
94842152
94852152
94862152
94872152
94882152
94892152
94902152
94912152
94922152
94932152
94942152
94952152
94962152
94972152
94982152
94992152
95002152
95012152
95022152
95032152
95042152
95052152
95062152
95072152
95082152
95092152
95102152
95112152
95122152
95132152
95142152
95152152
95162152
95172152
95182152
95192152
95202152
95212152
95222152
95232152
95242152
95252152
95262152
95272152
95282152
95292152
95302152
95312152
95322152
95332152
95342152
95352152
95362152
95372152
95382152
95392152
95402152
95412152
95422152
95432152
95442152
95452152
95462152
95472152
95482152
95492152
95502152
95512152
95522152
95532152
95542152
95552152
95562152
95572152
95582152
95592152
95602152
95612152
95622152
95632152
95642152
95652152
95662152
95672152
95682152
95692152
95702152
95712152
95722152
95732152
95742152
95752152
95762152
95772152
95782152
95792152
95802152
95812152
95822152
95832152
95842152
95852152
95862152
95872152
95882152
95892152
95902152
95912152
95922152
95932152
95942152
95952152
95962152
95972152
95982152
95992152
96002152
96012152
96022152
96032152
96042152
96052152
96062152
96072152
96082152
96092152
96102152
96112152
96122152
96132152
96142152
96152152
96162152
96172152
96182152
96192152
96202152
96212152
96222152
96232152
96242152
96252152
96262152
96272152
96282152
96292152
96302152
96312152
96322152
96332152
96342152
96352152
96362152
96372152
96382152
96392152
96402152
96412152
96422152
96432152
96442152
96452152
96462152
96472152
96482152
96492152
96502152
96512152
96522152
96532152
96542152
96552152
96562152
96572152
96582152
96592152
96602152
96612152
96622152
96632152
96642152
96652152
96662152
96672152
96682152
96692152
96702152
96712152
96722152
96732152
96742152
96752152
96762152
96772152
96782152
96792152
96802152
96812152
96822152
96832152
96842152
96852152
96862152
96872152
96882152
96892152
96902152
96912152
96922152
96932152
96942152
96952152
96962152
96972152
96982152
96992152
97002152
97012152
97022152
97032152
97042152
97052152
97062152
97072152
97082152
97092152
97102152
97112152
97122152
97132152
97142152
97152152
97162152
97172152
97182152
97192152
97202152
97212152
97222152
97232152
97242152
97252152
97262152
97272152
97282152
97292152
97302152
97312152
97322152
97332152
97342152
97352152
97362152
97372152
97382152
97392152
97402152
97412152
97422152
97432152
97442152
97452152
97462152
97472152
97482152
97492152
97502152
97512152
97522152
97532152
97542152
97552152
97562152
97572152
97582152
97592152
97602152
97612152
97622152
97632152
97642152
97652152
97662152
97672152
97682152
97692152
97702152
97712152
97722152
97732152
97742152
97752152
97762152
97772152
97782152
97792152
97802152
97812152
97822152
97832152
97842152
97852152
97862152
97872152
97882152
97892152
97902152
97912152
97922152
97932152
97942152
97952152
97962152
97972152
97982152
97992152
98002152
98012152
98022152
98032152
98042152
98052152
98062152
98072152
98082152
98092152
98102152
98112152
98122152
98132152
98142152
98152152
98162152
98172152
98182152
98192152
98202152
98212152
98222152
98232152
98242152
98252152
98262152
98272152
98282152
98292152
98302152
98312152
98322152
98332152
98342152
98352152
98362152
98372152
98382152
98392152
98402152
98412152
98422152
98432152
98442152
98452152
98462152
98472152
98482152
98492152
98502152
98512152
98522152
98532152
98542152
98552152
98562152
98572152
98582152
98592152
98602152
98612152
98622152
98632152
98642152
98652152
98662152
98672152
98682152
98692152
98702152
98712152
98722152
98732152
98742152
98752152
98762152
98772152
98782152
98792152
98802152
98812152
98822152
98832152
98842152
98852152
98862152
98872152
98882152
98892152
98902152
98912152
98922152
98932152
98942152
98952152
98962152
98972152
98982152
98992152
99002152
99012152
99022152
99032152
99042152
99052152
99062152
99072152
99082152
99092152
99102152
99112152
99122152
99132152
99142152
99152152
99162152
99172152
99182152
99192152
99202152
99212152
99222152
99232152
99242152
99252152
99262152
99272152
99282152
99292152
99302152
99312152
99322152
99332152
99342152
99352152
99362152
99372152
99382152
99392152
99402152
99412152
99422152
99432152
99442152
99452152
99462152
99472152
99482152
99492152
99502152
99512152
99522152
99532152
99542152
99552152
99562152
99572152
99582152
99592152
99602152
99612152
99622152
99632152
99642152
99652152
99662152
99672152
99682152
99692152
99702152
99712152
99722152
99732152
99742152
99752152
99762152
99772152
99782152
99792152
99802152
99812152
99822152
99832152
99842152
99852152
99862152
99872152
99882152
99892152
99902152
99912152
99922152
99932152
99942152
99952152
99962152
99972152
99982152
99992152
